0000010001111111001000001001100010111000111110000101000010010011110011011100111001101001110011001100
0000010001011111011110000001101100001101111110001111000011000110111111110000000111111000110011001100
1011111110111110110110000000110000000101100001101101111011101000011100110001100111110000001100000001
1011001001111001011100000001111100111100111001111101100011000011110010000110101110110101111100010111
1101111110000001011111000000011101000000111011100000000110000011010010000111110111111101101100000110
0010111100110100100000000000000001000001110100000000001100001110100011110101110010111100011100000010
1110101111110011000000100010000010001110010111101000000011101111100100000000111000010000010000100010
1111110111110011110001000010100010000110010101101001111100100111110000100010110000110000110000000000
0110000101001001110001000011111001000001100011101011110100001111000111111110101000110000111100011000
1111011110111001111100000110111111110011111011000011100001100111000000001111111100100001111110111111
1111110011011011111000011111111010100001001111000100000000011111110010010110111111111000100000011101
1100101111011011111110011011111000000001001001000000100100001011100100011100111111111100110000011001
0100000010010101111000000011110110000000001101111000110100001000110100001100000011111111111010111001
0010000000001111110110001011011110000100001101110001000000011010111110011000101101111110011011110000
1110001100110110001110111111011111011110001101110010100010111111001111010000000100111110110101100000
0111011010111100001110011111110011001111000111010011100010110100001111000001011000010111100011000000
0001000101100110111111101000011011001111100011000011000000000000011001110101111101001111100110001100
0000000101111010111111001001011110000001111011000000110010110001111000100001001100110111110011000000
1100000000110000111001001011010000101100001001000010011100100011101100000100000001111111110011100001
0011100010111000010100100011010000011100001001000100011100000011001100010111100111011011111110111001
0001000000111000001101111010110111011110011000000100000000111000000000111001100111101111100011111001
0000000011110100000001011000111110101111110111110111001110001100110000111001111111001110100011110110
1100100111000001000001100101111000000010010111111110001100111111001000011101111111110010000011110000
1100000101111000000000111000100001111000010000001100011100010001000000011111111110011000001011000001
1101000000111011000001110000111101110000001011100001100000011100000110011111110001101000001101000001
0000101001110011100001110000110000111000000000000000101001011100011110111110010011111110001001100011
1000000111100001100000110100011101111100000010000000000001000011011111111110001110001100000011011001
1110100010110011001111111110011000111010100100000010000010000000000000111000011100011100011011011000
0111111111111111010111110000011110110011111100001010000010011111110000000000001110010000001111111110
1101101011110110000011011000010111110011111010000000000000011101111111011000001111011100111001100111
0110111000000100010111000001110000000100000010100000111110001111000111101000001010111110111101101110
0111001000000100010100001010000001100010010111000000011110000110010111101100110011111111011111101010
0110010001101111111100000000001110100110001111000000101101101010011111101100111100101110110011101110
0110000000001111111110000011111101110101111111100000001010000111011010001101111100001110011000110001
1100100110011111111111101000011110110101110111100111000100011110001000000011001001010111011101111001
1111100110011111101111111110110110110011111111000011111100111111011011111100010000111011101111100001
1110110000001101011001111001110110001011010111111111101100101110000110011111110000111011100101100011
1001000000000010010011000001111111000011110111011111101011101110000011101110111000110111111111000001
1111000000000001000111000101101100001010100111011100001100111001001000000110110000011101110011100000
0111000000001101100011100011100111100010001100010000100000000101111100110000111101000111110000000111
0111101000001111110011111111111010110011000001110000011001101100000000000001110001000111111100000000
1101111110110111111000111110101000111110000000101011111011111010000110000011111101000111111100000001
1110101000110111100011011110001101111100000110000011111001011100011111011101111110001111110100011000
1110100000111111101110001111110101011011001110000000011000111000110001111100111001111110011110111110
1111110000111111110000100111100001111001001001111101100000111000111001111111111110100110011010000000
1111100010111000100001110011100101000000100011001110011010111000001000101100000010000011010011010000
1111010111011110101011011111110101000010100111110000001111101111101101110100011010000111110001111110
1111000100001000100111110111110000100111000001111100001110000011011100111101111100001111101111110101
1010000000001000000110000111100100100000000101011001111110000010100100110011111111011011101111110001
0110010100011100000100000011110100100000011000000011110110000101010011110000011111111111100111001000
0011100111001110001110001011100101100011100000100111100100001111100011111000110010000011000100000001
1011101011001111101100101111101111100101110000000100100111011000100001000001110110110010011000100001
1110011011011111010000001111101011100111111000000100110011111000000001000000100110011101111100100001
0110011111111111000001111011111110100100100111111011110100010000100111101111110100011110011011101000
1001111001111111001001000110011110010000100111001111010000110111100101100100000000001111110111100011
1111111101111111011101010101111001110010010011110111000000011100111111100000100000001111100111100010
0101111111111110011111100011111111111011101100110111111110000011111100001001110101000111000011100110
1111111111111110011011110011110101111111111100111010001111100001111100000000111100000111110011101110
1111111111111111110011100111100000111111111110100011001111000000100001000100110000001011000001100000
0110111111100001111000000011110001101010110100101111101110101011100011101100111100001110110001011010
1100100110000101111011001011110001010110100011101011100010000011000011101000000100101111110001011111
1011000100001001100001011110010000001110011111000111111101111001101011110001100000111001110111101111
1001000100001000001001111100010100001000000011001111001111000111101001110111111101110000100111100110
0001001000100001101000110000001011000010100000000000001111111101100001100011011000000100001110000000
0011101000011101001110110011101101000110100011010011001110110001101001100011111100001111101110000001
1110111111011101010000010010000100100010000001000001000001111001111100101011111111111000000110111001
1111010011111111111000000011101100101100000011100011000101111010111101100010111111111100110011111001
0110000001101001111010000011010101100011101000100001101000100001111101111000111101111111010001111001
1111001010100001100111110010111111000010100011000010100101010000010101000000110001111111110000011101
0001010011101111110110110001010001010001000110110011100111000000001111010001001011100011100001011111
0001110001111111111100111101010111110000111110100000111110001100110100000111000001100100111011011101
0011111111110001111010100011110101101000001100100011111100001000111110000111000011100111111011111100
0111001111110001000000000000111011101000001100000000111100000010001110010101001110100011001111111101
1001001111110000101111001100110010100000000111000000110001010011111111110000000011100000111101111000
1111110111110011100101111001000111110001111100000000000000011010011111110000000000111011111111111000
1111001111000111000001111000111111011010111110000000001110111001111101111111001001110000011100111001
1111000001110110000011100001111100001000101111111110010111111001011101100111001010110000000111000001
0111110001110000010011110001001000000111000110011110001011111001110111111110001010000000101110000000
1100100000011000000110100010001000000111101111000100010100111011111100011100000010111111111111010001
1100000000111001000111100010011000000011111110010001010111111111000101111100000010101111111111111101
1100001100010101001101010000011111001011000001011111110000111111001111111101100001111111011111111100
0000111100011101100011110011011101000111011100000010110000010111111111111100100111000111111110101111
1111111101111101111011111010100111111110001000001101111001111100111111111100101101010111101111111100
1111010001001100010001100000000011111001000001000000110011111100011101111000101101111100101110101000
1110010111001100011111000101010110001001000010100001110000010011100001100000101111101110110110010001
0100010111000010100011100000010000111110100011110110111001111111111100000011111111100111010011010010
0001011101000000001111000000001100110000000111111110110011111110111111111110100100101111110011101111
0001100111100111000110011111000001100000011100111111100111101110000001111101011100111101111111100011
1101100101100011111110110011000011111001111010111001111100011110100100111111111100101111001111000000
0001101100110001111110110001000010011001111111001000001100011011110111101101111011100111101101100000
0110111101101011111100110100010010001111101100000000000000001010011101001111111011011111111111110000
0111111111111001101111100000010111011110011110001110100100011110010011101000110011111011101011110000
1111001011100011100101110000100101111110011110010110110000011100011111111101110011110101001001001100
1111000001111110010100100100101111101011011010110000010001000000001100100001000011111011111101111110
1110001001111110011100000001111100001111111011110011010011100000011100101001000001111110011101101011
0000000000111100111001100000111100001001100000001011111111101000011100000001101111001100000001100011
1110100010100011110001100000011000010011100100011000000100100001100000000000100000000110000011101110
0010111010001010110011000100101100000000011100011110111110000001100001100001101000001111110111001110
0110010000001110010011110010000000001010001000000010011110111111100010000000000000011011111100001110
0000100110011110010001100000111011111000101000101100001110011111110111111101111111111111110111101111
